At time 1728536021.676912842
- Translation: [0.000, 0.000, 0.000]
- Rotation: in Quaternion [0.000, 0.000, -0.221, 0.975]
- Rotation: in RPY (radian) [0.000, 0.000, -0.446]
- Rotation: in RPY (degree) [0.000, 0.000, -25.560]
- Matrix:
  0.902  0.431  0.000  0.000
 -0.431  0.902 -0.000  0.000
 -0.000  0.000  1.000  0.000
  0.000  0.000  0.000  1.000
At time 1728536022.686731759
- Translation: [0.624, -0.281, 0.000]
- Rotation: in Quaternion [0.000, 0.000, -0.204, 0.979]
- Rotation: in RPY (radian) [0.000, 0.000, -0.410]
- Rotation: in RPY (degree) [0.000, 0.000, -23.518]
- Matrix:
  0.917  0.399  0.000  0.624
 -0.399  0.917 -0.000 -0.281
 -0.000  0.000  1.000  0.000
  0.000  0.000  0.000  1.000
At time 1728536023.677685125
- Translation: [1.106, -0.051, 0.000]
- Rotation: in Quaternion [0.000, 0.000, 0.600, 0.800]
- Rotation: in RPY (radian) [0.000, -0.000, 1.287]
- Rotation: in RPY (degree) [0.000, -0.000, 73.718]
- Matrix:
  0.280 -0.960  0.000  1.106
  0.960  0.280  0.000 -0.051
  0.000  0.000  1.000  0.000
  0.000  0.000  0.000  1.000
At time 1728536024.685804779
- Translation: [1.068, 1.838, 0.000]
- Rotation: in Quaternion [0.000, 0.000, 0.596, 0.803]
- Rotation: in RPY (radian) [0.000, -0.000, 1.277]
- Rotation: in RPY (degree) [0.000, -0.000, 73.160]
- Matrix:
  0.290 -0.957  0.000  1.068
  0.957  0.290  0.000  1.838
  0.000  0.000  1.000  0.000
  0.000  0.000  0.000  1.000
At time 1728536025.678435615
- Translation: [2.304, 1.170, 0.000]
- Rotation: in Quaternion [0.000, 0.000, 0.310, 0.951]
- Rotation: in RPY (radian) [0.000, -0.000, 0.631]
- Rotation: in RPY (degree) [0.000, -0.000, 36.125]
- Matrix:
  0.808 -0.590  0.000  2.304
  0.590  0.808  0.000  1.170
  0.000  0.000  1.000  0.000
  0.000  0.000  0.000  1.000
At time 1728536026.685918879
- Translation: [2.734, 0.885, 0.000]
- Rotation: in Quaternion [0.000, 0.000, 0.314, 0.949]
- Rotation: in RPY (radian) [0.000, -0.000, 0.639]
- Rotation: in RPY (degree) [0.000, -0.000, 36.618]
- Matrix:
  0.803 -0.596  0.000  2.734
  0.596  0.803  0.000  0.885
  0.000  0.000  1.000  0.000
  0.000  0.000  0.000  1.000
At time 1728536027.677765936
- Translation: [3.000, 0.920, 0.000]
- Rotation: in Quaternion [0.000, 0.000, 0.305, 0.952]
- Rotation: in RPY (radian) [0.000, -0.000, 0.620]
- Rotation: in RPY (degree) [0.000, -0.000, 35.507]
- Matrix:
  0.814 -0.581  0.000  3.000
  0.581  0.814  0.000  0.920
  0.000  0.000  1.000  0.000
  0.000  0.000  0.000  1.000
At time 1728536028.685610192
- Translation: [3.195, 0.988, 0.000]
- Rotation: in Quaternion [0.000, 0.000, 0.270, 0.963]
- Rotation: in RPY (radian) [0.000, -0.000, 0.547]
- Rotation: in RPY (degree) [0.000, -0.000, 31.350]
- Matrix:
  0.854 -0.520  0.000  3.195
  0.520  0.854  0.000  0.988
  0.000  0.000  1.000  0.000
  0.000  0.000  0.000  1.000
At time 1728536029.676589482
- Translation: [3.190, 1.004, 0.000]
- Rotation: in Quaternion [0.000, 0.000, 0.281, 0.960]
- Rotation: in RPY (radian) [0.000, -0.000, 0.569]
- Rotation: in RPY (degree) [0.000, -0.000, 32.611]
- Matrix:
  0.842 -0.539  0.000  3.190
  0.539  0.842  0.000  1.004
  0.000  0.000  1.000  0.000
  0.000  0.000  0.000  1.000
At time 1728536030.685570604
- Translation: [2.614, 0.928, 0.000]
- Rotation: in Quaternion [0.000, 0.000, 0.531, 0.847]
- Rotation: in RPY (radian) [0.000, -0.000, 1.119]
- Rotation: in RPY (degree) [0.000, -0.000, 64.131]
- Matrix:
  0.436 -0.900  0.000  2.614
  0.900  0.436  0.000  0.928
  0.000  0.000  1.000  0.000
  0.000  0.000  0.000  1.000
At time 1728536031.677434478
- Translation: [2.445, 1.276, 0.000]
- Rotation: in Quaternion [0.000, 0.000, 0.584, 0.812]
- Rotation: in RPY (radian) [0.000, -0.000, 1.246]
- Rotation: in RPY (degree) [0.000, -0.000, 71.400]
- Matrix:
  0.319 -0.948  0.000  2.445
  0.948  0.319  0.000  1.276
  0.000  0.000  1.000  0.000
  0.000  0.000  0.000  1.000
At time 1728536032.685401528
- Translation: [2.613, 1.573, 0.000]
- Rotation: in Quaternion [0.000, 0.000, 0.485, 0.874]
- Rotation: in RPY (radian) [0.000, -0.000, 1.013]
- Rotation: in RPY (degree) [0.000, -0.000, 58.039]
- Matrix:
  0.529 -0.848  0.000  2.613
  0.848  0.529  0.000  1.573
  0.000  0.000  1.000  0.000
  0.000  0.000  0.000  1.000
At time 1728536033.677620340
- Translation: [3.025, 1.328, 0.000]
- Rotation: in Quaternion [0.000, 0.000, 0.377, 0.926]
- Rotation: in RPY (radian) [0.000, -0.000, 0.774]
- Rotation: in RPY (degree) [0.000, -0.000, 44.330]
- Matrix:
  0.715 -0.699  0.000  3.025
  0.699  0.715  0.000  1.328
  0.000  0.000  1.000  0.000
  0.000  0.000  0.000  1.000
At time 1728536034.685340600
- Translation: [3.295, 0.961, 0.000]
- Rotation: in Quaternion [0.000, 0.000, 0.321, 0.947]
- Rotation: in RPY (radian) [0.000, -0.000, 0.655]
- Rotation: in RPY (degree) [0.000, -0.000, 37.503]
- Matrix:
  0.793 -0.609  0.000  3.295
  0.609  0.793  0.000  0.961
  0.000  0.000  1.000  0.000
  0.000  0.000  0.000  1.000
At time 1728536035.677530873
- Translation: [2.612, 1.324, 0.000]
- Rotation: in Quaternion [0.000, 0.000, 0.432, 0.902]
- Rotation: in RPY (radian) [0.000, -0.000, 0.894]
- Rotation: in RPY (degree) [0.000, -0.000, 51.234]
- Matrix:
  0.626 -0.780  0.000  2.612
  0.780  0.626  0.000  1.324
  0.000  0.000  1.000  0.000
  0.000  0.000  0.000  1.000
At time 1728536036.685986610
- Translation: [2.666, 1.410, 0.000]
- Rotation: in Quaternion [0.000, 0.000, 0.407, 0.913]
- Rotation: in RPY (radian) [0.000, -0.000, 0.839]
- Rotation: in RPY (degree) [0.000, -0.000, 48.064]
- Matrix:
  0.668 -0.744  0.000  2.666
  0.744  0.668  0.000  1.410
  0.000  0.000  1.000  0.000
  0.000  0.000  0.000  1.000
At time 1728536037.678064730
- Translation: [2.295, 0.639, 0.000]
- Rotation: in Quaternion [0.000, 0.000, 0.411, 0.911]
- Rotation: in RPY (radian) [0.000, -0.000, 0.848]
- Rotation: in RPY (degree) [0.000, -0.000, 48.597]
- Matrix:
  0.661 -0.750  0.000  2.295
  0.750  0.661  0.000  0.639
  0.000  0.000  1.000  0.000
  0.000  0.000  0.000  1.000
At time 1728536038.686108425
- Translation: [2.393, 1.133, 0.000]
- Rotation: in Quaternion [0.000, 0.000, 0.466, 0.885]
- Rotation: in RPY (radian) [0.000, -0.000, 0.969]
- Rotation: in RPY (degree) [0.000, -0.000, 55.544]
- Matrix:
  0.566 -0.825  0.000  2.393
  0.825  0.566  0.000  1.133
  0.000  0.000  1.000  0.000
  0.000  0.000  0.000  1.000
At time 1728536039.677531708
- Translation: [2.771, 1.162, 0.000]
- Rotation: in Quaternion [0.000, 0.000, 0.434, 0.901]
- Rotation: in RPY (radian) [0.000, -0.000, 0.898]
- Rotation: in RPY (degree) [0.000, -0.000, 51.460]
- Matrix:
  0.623 -0.782  0.000  2.771
  0.782  0.623  0.000  1.162
  0.000  0.000  1.000  0.000
  0.000  0.000  0.000  1.000
At time 1728536040.685183648
- Translation: [2.076, 1.459, 0.000]
- Rotation: in Quaternion [0.000, 0.000, 0.540, 0.842]
- Rotation: in RPY (radian) [0.000, -0.000, 1.141]
- Rotation: in RPY (degree) [0.000, -0.000, 65.347]
- Matrix:
  0.417 -0.909  0.000  2.076
  0.909  0.417  0.000  1.459
  0.000  0.000  1.000  0.000
  0.000  0.000  0.000  1.000
At time 1728536041.677213509
- Translation: [1.912, 1.367, 0.000]
- Rotation: in Quaternion [0.000, 0.000, 0.633, 0.774]
- Rotation: in RPY (radian) [0.000, -0.000, 1.370]
- Rotation: in RPY (degree) [0.000, -0.000, 78.493]
- Matrix:
  0.199 -0.980  0.000  1.912
  0.980  0.199  0.000  1.367
  0.000  0.000  1.000  0.000
  0.000  0.000  0.000  1.000
At time 1728536042.685674112
- Translation: [0.937, 0.791, 0.000]
- Rotation: in Quaternion [0.000, 0.000, 0.883, 0.469]
- Rotation: in RPY (radian) [0.000, -0.000, 2.166]
- Rotation: in RPY (degree) [0.000, -0.000, 124.092]
- Matrix:
 -0.561 -0.828  0.000  0.937
  0.828 -0.561  0.000  0.791
  0.000  0.000  1.000  0.000
  0.000  0.000  0.000  1.000
At time 1728536043.677301773
- Translation: [0.675, 1.724, 0.000]
- Rotation: in Quaternion [0.000, 0.000, 0.694, 0.720]
- Rotation: in RPY (radian) [0.000, -0.000, 1.533]
- Rotation: in RPY (degree) [0.000, -0.000, 87.827]
- Matrix:
  0.038 -0.999  0.000  0.675
  0.999  0.038  0.000  1.724
  0.000  0.000  1.000  0.000
  0.000  0.000  0.000  1.000
At time 1728536044.685239013
- Translation: [1.124, 0.478, 0.000]
- Rotation: in Quaternion [0.000, 0.000, 0.170, 0.985]
- Rotation: in RPY (radian) [0.000, -0.000, 0.342]
- Rotation: in RPY (degree) [0.000, -0.000, 19.594]
- Matrix:
  0.942 -0.335  0.000  1.124
  0.335  0.942  0.000  0.478
  0.000  0.000  1.000  0.000
  0.000  0.000  0.000  1.000
At time 1728536045.678031460
- Translation: [0.628, 0.119, 0.000]
- Rotation: in Quaternion [0.000, 0.000, -0.030, 1.000]
- Rotation: in RPY (radian) [0.000, 0.000, -0.060]
- Rotation: in RPY (degree) [0.000, 0.000, -3.421]
- Matrix:
  0.998  0.060  0.000  0.628
 -0.060  0.998 -0.000  0.119
 -0.000  0.000  1.000  0.000
  0.000  0.000  0.000  1.000
At time 1728536046.685206711
- Translation: [0.321, 0.029, 0.000]
- Rotation: in Quaternion [0.000, 0.000, -0.123, 0.992]
- Rotation: in RPY (radian) [0.000, 0.000, -0.247]
- Rotation: in RPY (degree) [0.000, 0.000, -14.136]
- Matrix:
  0.970  0.244  0.000  0.321
 -0.244  0.970 -0.000  0.029
 -0.000  0.000  1.000  0.000
  0.000  0.000  0.000  1.000
